     0.000      0.000      0.000      0.000
     0.000      0.000      0.000      0.000
     0.000      0.000      0.000      0.000
     0.000      0.000      0.000      0.000
     0.000      0.000      0.000      0.000
     0.000      0.000      0.000      0.000
     0.000      0.000      0.000      0.000
     0.000      0.000      0.000      0.000
     0.000      0.000      0.000      0.000
     0.000      0.000      0.000      0.000
     0.000      0.000      0.000      0.000
     0.000      0.000      0.000      0.000
     0.000      0.000      0.000      0.000
     0.000      0.000      0.000      0.000
     0.000      0.000      0.000      0.000
     0.000      0.000      0.000      0.000
     0.000      0.000      0.000      0.000
     0.000      0.000      0.000      0.000
   303.092    303.092    303.092    303.092
     0.000      0.000      0.000      0.000
     0.000      0.000      0.000      0.000
     0.000      0.000      0.000      0.000
     0.000      0.000      0.000      0.000
     0.000      0.000      0.000      0.000
     0.000      0.000      0.000      0.000
     0.000      0.000      0.000      0.000
     0.000      0.000      0.000      0.000
     0.000      0.000      0.000      0.000
     0.000      0.000      0.000      0.000
     0.000      0.000      0.000      0.000
     0.000      0.000      0.000      0.000
     0.000      0.000      0.000      0.000
     0.000      0.000      0.000      0.000
     0.000      0.000      0.000      0.000
     0.000      0.000      0.000      0.000
     0.000      0.000      0.000      0.000
     0.000      0.000      0.000      0.000
     0.000      0.000      0.000      0.000
     0.000      0.000      0.000      0.000
     0.000      0.000      0.000      0.000
     0.000      0.000      0.000      0.000
     0.000      0.000      0.000      0.000
     0.000      0.000      0.000      0.000
     0.000      0.000      0.000      0.000
     0.000      0.000      0.000      0.000
     0.000      0.000      0.000      0.000
     0.000      0.000      0.000    300.514
     0.000      0.000      0.000      0.000
     0.000      0.000      0.000      0.000
     0.000      0.000      0.000      0.000
     0.000      0.000      0.000      0.000
     0.000      0.000      0.000      0.000
     0.000    314.874    332.485      0.000
   329.753      0.000      0.000      0.000
     0.000      0.000      0.000      0.000
     0.000      0.000      0.000      0.000
     0.000      0.000      0.000      0.000
     0.000      0.000      0.000      0.000
     0.000      0.000      0.000      0.000
     0.000      0.000      0.000      0.000
     0.000      0.000      0.000      0.000
     0.000      0.000      0.000      0.000
     0.000      0.000      0.000      0.000
     0.000      0.000      0.000      0.000
     0.000      0.000      0.000      0.000
     0.000      0.000      0.000      0.000
     0.000      0.000      0.000      0.000
     0.000      0.000      0.000      0.000
     0.000      0.000      0.000      0.000
     0.000      0.000      0.000      0.000
     0.000      0.000      0.000      0.000
     0.000      0.000      0.000    302.791
     0.000      0.000      0.000      0.000
     0.000      0.000      0.000      0.000
     0.000      0.000      0.000      0.000
     0.000      0.000      0.000      0.000
     0.000      0.000      0.000      0.000
     0.000      0.000      0.000      0.000
     0.000      0.000      0.000      0.000
     0.000      0.000      0.000      0.000
     0.000      0.000      0.000      0.000
     0.000      0.000      0.000      0.000
     0.000      0.000      0.000      0.000
     0.000      0.000      0.000      0.000
     0.000      0.000      0.000      0.000
     0.000      0.000      0.000      0.000
     0.000      0.000      0.000      0.000
   306.543      0.000      0.000      0.000
     0.000      0.000    307.619      0.000
     0.000      0.000      0.000      0.000
     0.000      0.000      0.000      0.000
     0.000      0.000      0.000      0.000
     0.000      0.000      0.000      0.000
     0.000      0.000      0.000      0.000
     0.000      0.000      0.000      0.000
     0.000      0.000      0.000      0.000
     0.000      0.000      0.000      0.000
     0.000      0.000      0.000      0.000
     0.000      0.000      0.000    302.092
     0.000      0.000      0.000      0.000
     0.000      0.000      0.000      0.000
     0.000      0.000      0.000      0.000
     0.000      0.000      0.000      0.000
     0.000      0.000      0.000      0.000
     0.000      0.000      0.000      0.000
     0.000      0.000      0.000      0.000
     0.000      0.000      0.000      0.000
     0.000      0.000      0.000      0.000
     0.000      0.000      0.000      0.000
     0.000    307.873      0.000      0.000
     0.000      0.000      0.000      0.000
     0.000      0.000      0.000      0.000
     0.000      0.000      0.000      0.000
     0.000      0.000      0.000      0.000
     0.000      0.000      0.000      0.000
     0.000      0.000      0.000      0.000
     0.000      0.000      0.000      0.000
     0.000      0.000      0.000      0.000
     0.000      0.000      0.000      0.000
     0.000      0.000      0.000      0.000
     0.000      0.000      0.000      0.000
     0.000      0.000      0.000      0.000
     0.000      0.000      0.000      0.000
     0.000      0.000      0.000      0.000
     0.000      0.000      0.000    307.578
     0.000      0.000      0.000      0.000
     0.000      0.000      0.000      0.000
     0.000      0.000      0.000      0.000
     0.000      0.000      0.000      0.000
     0.000      0.000      0.000      0.000
     0.000      0.000    302.437      0.000
   306.667      0.000      0.000      0.000
     0.000      0.000      0.000      0.000
     0.000      0.000      0.000      0.000
     0.000      0.000      0.000      0.000
     0.000      0.000      0.000      0.000
     0.000      0.000      0.000      0.000
     0.000      0.000      0.000      0.000
     0.000      0.000      0.000      0.000
     0.000      0.000      0.000      0.000
     0.000      0.000      0.000      0.000
     0.000      0.000      0.000      0.000
     0.000      0.000      0.000      0.000
     0.000      0.000      0.000      0.000
     0.000      0.000      0.000      0.000
     0.000      0.000      0.000      0.000
     0.000      0.000      0.000      0.000
     0.000      0.000      0.000      0.000
     0.000      0.000      0.000      0.000
     0.000      0.000      0.000      0.000
     0.000      0.000      0.000      0.000
     0.000      0.000      0.000    303.563
     0.000      0.000      0.000      0.000
     0.000      0.000      0.000      0.000
     0.000      0.000      0.000      0.000
     0.000    304.276      0.000      0.000
     0.000      0.000      0.000      0.000
     0.000      0.000      0.000      0.000
     0.000      0.000      0.000      0.000
     0.000      0.000      0.000      0.000
     0.000      0.000      0.000      0.000
     0.000      0.000      0.000      0.000
     0.000      0.000      0.000      0.000
     0.000      0.000      0.000      0.000
     0.000      0.000      0.000      0.000
     0.000      0.000      0.000      0.000
     0.000      0.000      0.000      0.000
     0.000      0.000      0.000      0.000
     0.000      0.000      0.000      0.000
     0.000      0.000      0.000      0.000
     0.000      0.000      0.000      0.000
     0.000      0.000      0.000      0.000
     0.000      0.000      0.000      0.000
     0.000      0.000      0.000      0.000
     0.000      0.000      0.000      0.000
     0.000      0.000      0.000      0.000
     0.000      0.000      0.000      0.000
   305.435      0.000    302.579      0.000
     0.000      0.000      0.000      0.000
     0.000      0.000      0.000    305.218
     0.000      0.000      0.000      0.000
     0.000      0.000      0.000      0.000
     0.000      0.000      0.000      0.000
     0.000      0.000      0.000      0.000
     0.000      0.000      0.000      0.000
     0.000      0.000      0.000      0.000
     0.000      0.000      0.000      0.000
     0.000      0.000      0.000      0.000
     0.000      0.000      0.000      0.000
     0.000      0.000      0.000      0.000
     0.000      0.000      0.000      0.000
     0.000      0.000      0.000      0.000
     0.000      0.000      0.000      0.000
     0.000      0.000      0.000      0.000
     0.000      0.000      0.000      0.000
     0.000      0.000      0.000      0.000
     0.000      0.000      0.000      0.000
     0.000      0.000      0.000      0.000
     0.000      0.000      0.000      0.000
     0.000      0.000      0.000      0.000
     0.000      0.000      0.000      0.000
     0.000      0.000      0.000      0.000
     0.000      0.000      0.000      0.000
     0.000      0.000      0.000      0.000
     0.000      0.000      0.000      0.000
     0.000    325.093      0.000    306.856
     0.000      0.000      0.000      0.000
     0.000      0.000      0.000      0.000
     0.000      0.000      0.000      0.000
     0.000      0.000      0.000      0.000
     0.000      0.000      0.000      0.000
     0.000      0.000      0.000      0.000
     0.000      0.000      0.000      0.000
     0.000      0.000      0.000      0.000
     0.000      0.000      0.000      0.000
     0.000      0.000      0.000      0.000
     0.000      0.000      0.000      0.000
     0.000      0.000      0.000      0.000
     0.000      0.000      0.000      0.000
     0.000      0.000      0.000      0.000
     0.000      0.000      0.000      0.000
     0.000      0.000      0.000      0.000
     0.000      0.000      0.000      0.000
     0.000      0.000      0.000      0.000
   304.792      0.000    309.400      0.000
     0.000      0.000      0.000      0.000
     0.000      0.000      0.000      0.000
     0.000      0.000      0.000      0.000
     0.000      0.000      0.000      0.000
     0.000      0.000      0.000      0.000
     0.000      0.000      0.000      0.000
     0.000      0.000      0.000    300.318
     0.000      0.000      0.000      0.000
     0.000      0.000      0.000      0.000
     0.000      0.000      0.000      0.000
     0.000      0.000      0.000      0.000
     0.000      0.000      0.000      0.000
     0.000      0.000      0.000      0.000
     0.000      0.000      0.000      0.000
     0.000      0.000      0.000      0.000
     0.000      0.000      0.000      0.000
     0.000      0.000      0.000      0.000
     0.000      0.000      0.000      0.000
     0.000      0.000      0.000      0.000
     0.000      0.000      0.000      0.000
     0.000      0.000      0.000      0.000
     0.000      0.000      0.000      0.000
     0.000      0.000      0.000      0.000
     0.000      0.000      0.000      0.000
     0.000      0.000      0.000      0.000
     0.000      0.000      0.000      0.000
     0.000    304.419      0.000      0.000
     0.000      0.000      0.000      0.000
     0.000      0.000      0.000      0.000
     0.000      0.000      0.000      0.000
     0.000      0.000      0.000      0.000
     0.000      0.000      0.000      0.000
     0.000      0.000      0.000    307.517
     0.000      0.000      0.000      0.000
     0.000      0.000      0.000      0.000
     0.000      0.000      0.000      0.000
     0.000      0.000      0.000      0.000
     0.000      0.000      0.000      0.000
     0.000      0.000      0.000      0.000
     0.000      0.000      0.000      0.000
     0.000      0.000      0.000      0.000
     0.000      0.000      0.000      0.000
     0.000      0.000      0.000      0.000
     0.000      0.000      0.000      0.000
     0.000      0.000      0.000      0.000
     0.000      0.000      0.000      0.000
     0.000      0.000      0.000      0.000
   301.465      0.000    305.484      0.000
     0.000      0.000      0.000      0.000
     0.000      0.000      0.000      0.000
     0.000      0.000      0.000      0.000
     0.000      0.000      0.000      0.000
     0.000      0.000      0.000      0.000
     0.000      0.000      0.000      0.000
     0.000      0.000      0.000      0.000
     0.000      0.000      0.000      0.000
     0.000      0.000      0.000      0.000
     0.000      0.000      0.000      0.000
     0.000      0.000      0.000      0.000
     0.000      0.000      0.000      0.000
     0.000      0.000      0.000    305.664
     0.000      0.000      0.000      0.000
     0.000      0.000      0.000      0.000
     0.000      0.000      0.000      0.000
     0.000      0.000      0.000      0.000
     0.000      0.000      0.000      0.000
     0.000      0.000      0.000      0.000
     0.000      0.000      0.000      0.000
     0.000      0.000      0.000      0.000
     0.000      0.000      0.000      0.000
     0.000      0.000      0.000      0.000
     0.000      0.000      0.000      0.000
     0.000      0.000      0.000      0.000
     0.000      0.000      0.000      0.000
     0.000      0.000      0.000      0.000
     0.000      0.000      0.000      0.000
     0.000      0.000      0.000      0.000
     0.000    304.633      0.000      0.000
     0.000      0.000      0.000      0.000
     0.000      0.000      0.000      0.000
     0.000      0.000      0.000      0.000
     0.000      0.000      0.000      0.000
     0.000      0.000      0.000      0.000
     0.000      0.000      0.000      0.000
     0.000      0.000      0.000      0.000
     0.000      0.000      0.000      0.000
     0.000      0.000      0.000    305.149
     0.000      0.000      0.000      0.000
     0.000      0.000      0.000      0.000
     0.000      0.000      0.000      0.000
     0.000      0.000      0.000      0.000
     0.000      0.000      0.000      0.000
     0.000      0.000      0.000      0.000
     0.000      0.000      0.000      0.000
     0.000      0.000      0.000      0.000
     0.000      0.000      0.000      0.000
     0.000      0.000      0.000      0.000
     0.000      0.000      0.000      0.000
   300.125      0.000    303.466      0.000
     0.000      0.000      0.000      0.000
     0.000      0.000      0.000      0.000
     0.000      0.000      0.000      0.000
     0.000      0.000      0.000      0.000
     0.000      0.000      0.000      0.000
     0.000      0.000      0.000      0.000
     0.000      0.000      0.000      0.000
     0.000      0.000      0.000      0.000
     0.000      0.000      0.000      0.000
     0.000      0.000      0.000      0.000
     0.000      0.000      0.000      0.000
     0.000      0.000      0.000      0.000
     0.000      0.000      0.000      0.000
     0.000      0.000      0.000      0.000
     0.000      0.000      0.000    310.073
     0.000      0.000      0.000      0.000
     0.000      0.000      0.000      0.000
     0.000      0.000      0.000      0.000
     0.000      0.000      0.000      0.000
     0.000      0.000      0.000      0.000
     0.000      0.000      0.000      0.000
     0.000      0.000      0.000      0.000
     0.000      0.000      0.000      0.000
     0.000      0.000      0.000      0.000
     0.000      0.000      0.000      0.000
     0.000      0.000      0.000      0.000
     0.000    307.376      0.000      0.000
     0.000      0.000      0.000      0.000
     0.000      0.000      0.000      0.000
     0.000      0.000      0.000      0.000
     0.000      0.000      0.000      0.000
     0.000      0.000      0.000      0.000
     0.000      0.000      0.000      0.000
     0.000      0.000      0.000      0.000
     0.000      0.000      0.000      0.000
     0.000      0.000      0.000      0.000
     0.000      0.000      0.000      0.000
     0.000      0.000      0.000      0.000
     0.000      0.000      0.000      0.000
     0.000      0.000      0.000      0.000
     0.000      0.000      0.000      0.000
     0.000      0.000      0.000    307.107
     0.000      0.000      0.000      0.000
     0.000      0.000      0.000      0.000
     0.000      0.000      0.000      0.000
     0.000      0.000    300.423      0.000
   310.894      0.000      0.000      0.000
     0.000      0.000      0.000      0.000
     0.000      0.000      0.000      0.000
     0.000      0.000      0.000      0.000
     0.000      0.000      0.000      0.000
     0.000      0.000      0.000      0.000
     0.000      0.000      0.000      0.000
     0.000      0.000      0.000      0.000
     0.000      0.000      0.000      0.000
     0.000      0.000      0.000      0.000
     0.000      0.000      0.000      0.000
     0.000      0.000      0.000      0.000
     0.000      0.000      0.000      0.000
     0.000      0.000      0.000      0.000
     0.000      0.000      0.000      0.000
     0.000      0.000      0.000      0.000
     0.000      0.000      0.000      0.000
     0.000      0.000      0.000      0.000
     0.000      0.000      0.000      0.000
     0.000      0.000      0.000      0.000
     0.000      0.000      0.000      0.000
     0.000      0.000      0.000      0.000
     0.000      0.000      0.000      0.000
     0.000      0.000      0.000      0.000
     0.000      0.000      0.000    300.707
     0.000      0.000      0.000      0.000
     0.000      0.000      0.000      0.000
     0.000      0.000      0.000      0.000
     0.000      0.000      0.000      0.000
     0.000      0.000      0.000      0.000
     0.000    302.401      0.000      0.000
     0.000      0.000      0.000      0.000
     0.000      0.000      0.000      0.000
     0.000      0.000      0.000      0.000
     0.000      0.000      0.000      0.000
     0.000      0.000      0.000      0.000
     0.000      0.000      0.000      0.000
     0.000      0.000      0.000      0.000
     0.000      0.000      0.000      0.000
     0.000      0.000      0.000      0.000
     0.000      0.000      0.000      0.000
     0.000      0.000      0.000      0.000
     0.000      0.000      0.000      0.000
     0.000      0.000      0.000      0.000
     0.000      0.000      0.000      0.000
     0.000      0.000      0.000      0.000
     0.000      0.000      0.000      0.000
     0.000      0.000      0.000      0.000
     0.000      0.000      0.000      0.000
     0.000      0.000      0.000      0.000
   308.912      0.000    306.842      0.000
     0.000      0.000      0.000    306.701
     0.000      0.000      0.000      0.000
     0.000      0.000      0.000      0.000
     0.000      0.000      0.000      0.000
     0.000      0.000      0.000      0.000
     0.000      0.000      0.000      0.000
     0.000      0.000      0.000      0.000
     0.000      0.000      0.000      0.000
     0.000      0.000      0.000      0.000
     0.000      0.000      0.000      0.000
     0.000      0.000      0.000      0.000
     0.000      0.000      0.000      0.000
     0.000      0.000      0.000      0.000
     0.000      0.000      0.000      0.000
     0.000      0.000      0.000      0.000
     0.000      0.000      0.000      0.000
     0.000      0.000      0.000      0.000
     0.000      0.000      0.000      0.000
     0.000      0.000      0.000      0.000
     0.000      0.000      0.000      0.000
     0.000      0.000      0.000      0.000
     0.000      0.000      0.000      0.000
     0.000      0.000      0.000      0.000
     0.000      0.000      0.000      0.000
     0.000      0.000      0.000      0.000
     0.000      0.000      0.000      0.000
     0.000      0.000      0.000      0.000
     0.000    307.338      0.000      0.000
     0.000      0.000      0.000    306.876
     0.000      0.000      0.000      0.000
     0.000      0.000      0.000      0.000
     0.000      0.000      0.000      0.000
     0.000      0.000      0.000      0.000
     0.000      0.000      0.000      0.000
     0.000      0.000      0.000      0.000
     0.000      0.000      0.000      0.000
     0.000      0.000      0.000      0.000
     0.000      0.000      0.000      0.000
     0.000      0.000      0.000      0.000
     0.000      0.000      0.000      0.000
     0.000      0.000      0.000      0.000
     0.000      0.000      0.000      0.000
     0.000      0.000      0.000      0.000
     0.000      0.000      0.000      0.000
     0.000      0.000      0.000      0.000
     0.000      0.000      0.000      0.000
     0.000      0.000    302.512      0.000
   303.321      0.000      0.000      0.000
     0.000      0.000      0.000      0.000
     0.000      0.000      0.000      0.000
     0.000      0.000      0.000      0.000
     0.000      0.000      0.000      0.000
     0.000      0.000      0.000      0.000
     0.000      0.000      0.000      0.000
     0.000      0.000      0.000      0.000
     0.000      0.000      0.000    301.215
     0.000      0.000      0.000      0.000
     0.000      0.000      0.000      0.000
     0.000      0.000      0.000      0.000
     0.000      0.000      0.000      0.000
     0.000      0.000      0.000      0.000
     0.000      0.000      0.000      0.000
     0.000      0.000      0.000      0.000
     0.000      0.000      0.000      0.000
     0.000      0.000      0.000      0.000
     0.000      0.000      0.000      0.000
     0.000      0.000      0.000      0.000
     0.000      0.000      0.000      0.000
     0.000      0.000      0.000      0.000
     0.000      0.000      0.000      0.000
     0.000      0.000      0.000      0.000
     0.000      0.000      0.000      0.000
     0.000      0.000      0.000      0.000
     0.000      0.000      0.000      0.000
     0.000    304.490      0.000      0.000
     0.000      0.000      0.000      0.000
     0.000      0.000      0.000      0.000
     0.000      0.000      0.000      0.000
     0.000      0.000      0.000      0.000
     0.000      0.000      0.000      0.000
     0.000      0.000      0.000      0.000
     0.000      0.000      0.000    303.872
     0.000      0.000      0.000      0.000
     0.000      0.000      0.000      0.000
     0.000      0.000      0.000      0.000
     0.000      0.000      0.000      0.000
     0.000      0.000      0.000      0.000
     0.000      0.000      0.000      0.000
     0.000      0.000      0.000      0.000
     0.000      0.000      0.000      0.000
     0.000      0.000      0.000      0.000
     0.000      0.000      0.000      0.000
     0.000      0.000      0.000      0.000
     0.000      0.000      0.000      0.000
   304.211      0.000    300.791      0.000
     0.000      0.000      0.000      0.000
     0.000      0.000      0.000      0.000
     0.000      0.000      0.000      0.000
     0.000      0.000      0.000      0.000
     0.000      0.000      0.000      0.000
     0.000      0.000      0.000      0.000
     0.000      0.000      0.000      0.000
     0.000      0.000      0.000      0.000
     0.000      0.000      0.000      0.000
     0.000      0.000      0.000      0.000
     0.000      0.000      0.000      0.000
     0.000      0.000      0.000      0.000
     0.000      0.000      0.000      0.000
     0.000      0.000      0.000    307.134
     0.000      0.000      0.000      0.000
     0.000      0.000      0.000      0.000
     0.000      0.000      0.000      0.000
     0.000      0.000      0.000      0.000
     0.000      0.000      0.000      0.000
     0.000      0.000      0.000      0.000
     0.000      0.000      0.000      0.000
     0.000      0.000      0.000      0.000
     0.000      0.000      0.000      0.000
     0.000      0.000      0.000      0.000
     0.000      0.000      0.000      0.000
     0.000      0.000      0.000      0.000
     0.000    305.607      0.000      0.000
     0.000      0.000      0.000      0.000
     0.000      0.000      0.000      0.000
     0.000      0.000      0.000      0.000
     0.000      0.000      0.000      0.000
     0.000      0.000      0.000      0.000
     0.000      0.000      0.000      0.000
     0.000      0.000      0.000      0.000
     0.000      0.000      0.000      0.000
     0.000      0.000      0.000      0.000
     0.000      0.000      0.000      0.000
     0.000      0.000      0.000      0.000
     0.000      0.000      0.000      0.000
     0.000      0.000      0.000      0.000
     0.000      0.000      0.000    300.751
     0.000      0.000      0.000      0.000
     0.000      0.000      0.000      0.000
     0.000      0.000      0.000      0.000
     0.000      0.000      0.000      0.000
     0.000      0.000      0.000      0.000
     0.000      0.000      0.000      0.000
   302.197      0.000    307.361      0.000
     0.000      0.000      0.000      0.000
     0.000      0.000      0.000      0.000
     0.000      0.000      0.000      0.000
     0.000      0.000      0.000      0.000
     0.000      0.000      0.000      0.000
     0.000      0.000      0.000      0.000
     0.000      0.000      0.000      0.000
     0.000      0.000      0.000      0.000
     0.000      0.000      0.000      0.000
     0.000      0.000      0.000      0.000
     0.000      0.000      0.000      0.000
     0.000      0.000      0.000      0.000
     0.000      0.000      0.000      0.000
     0.000      0.000      0.000      0.000
     0.000      0.000      0.000      0.000
     0.000      0.000      0.000      0.000
     0.000      0.000      0.000      0.000
     0.000      0.000      0.000    301.784
     0.000      0.000      0.000      0.000
     0.000      0.000      0.000      0.000
     0.000      0.000      0.000      0.000
     0.000      0.000      0.000      0.000
     0.000      0.000      0.000      0.000
     0.000      0.000      0.000      0.000
     0.000      0.000      0.000      0.000
     0.000    302.873      0.000      0.000
     0.000      0.000      0.000      0.000
     0.000      0.000      0.000      0.000
     0.000      0.000      0.000      0.000
     0.000      0.000      0.000      0.000
     0.000      0.000      0.000      0.000
     0.000      0.000      0.000      0.000
     0.000      0.000      0.000      0.000
     0.000      0.000      0.000      0.000
     0.000      0.000      0.000      0.000
     0.000      0.000      0.000      0.000
     0.000      0.000      0.000      0.000
     0.000      0.000      0.000      0.000
     0.000      0.000      0.000      0.000
     0.000      0.000      0.000      0.000
     0.000      0.000      0.000      0.000
     0.000      0.000      0.000      0.000
     0.000      0.000      0.000      0.000
     0.000      0.000      0.000    308.364
     0.000      0.000      0.000      0.000
   302.585      0.000    306.897      0.000
     0.000      0.000      0.000      0.000
     0.000      0.000      0.000      0.000
     0.000      0.000      0.000      0.000
     0.000      0.000      0.000      0.000
     0.000      0.000      0.000      0.000
     0.000      0.000      0.000      0.000
     0.000      0.000      0.000      0.000
     0.000      0.000      0.000      0.000
     0.000      0.000      0.000      0.000
     0.000      0.000      0.000      0.000
     0.000      0.000      0.000      0.000
     0.000      0.000      0.000      0.000
     0.000      0.000      0.000      0.000
     0.000      0.000      0.000      0.000
     0.000      0.000      0.000      0.000
     0.000      0.000      0.000      0.000
     0.000      0.000      0.000      0.000
     0.000      0.000      0.000      0.000
     0.000      0.000      0.000      0.000
     0.000      0.000      0.000      0.000
     0.000      0.000      0.000      0.000
     0.000      0.000      0.000      0.000
     0.000      0.000      0.000      0.000
     0.000      0.000      0.000    300.957
     0.000      0.000      0.000      0.000
     0.000      0.000      0.000      0.000
     0.000    301.597      0.000      0.000
     0.000      0.000      0.000      0.000
     0.000      0.000      0.000      0.000
     0.000      0.000      0.000      0.000
     0.000      0.000      0.000      0.000
     0.000      0.000      0.000      0.000
     0.000      0.000      0.000      0.000
     0.000      0.000      0.000      0.000
     0.000      0.000      0.000      0.000
     0.000      0.000      0.000      0.000
     0.000      0.000      0.000      0.000
     0.000      0.000      0.000      0.000
     0.000      0.000      0.000      0.000
     0.000      0.000      0.000      0.000
     0.000      0.000      0.000      0.000
     0.000      0.000      0.000      0.000
     0.000      0.000      0.000      0.000
     0.000      0.000      0.000      0.000
     0.000      0.000      0.000      0.000
     0.000      0.000      0.000      0.000
     0.000      0.000    302.458      0.000
   308.281      0.000      0.000      0.000
     0.000      0.000      0.000      0.000
     0.000      0.000      0.000    304.424
     0.000      0.000      0.000      0.000
     0.000      0.000      0.000      0.000
     0.000      0.000      0.000      0.000
     0.000      0.000      0.000      0.000
     0.000      0.000      0.000      0.000
     0.000      0.000      0.000      0.000
     0.000      0.000      0.000      0.000
     0.000      0.000      0.000      0.000
     0.000      0.000      0.000      0.000
     0.000      0.000      0.000      0.000
     0.000      0.000      0.000      0.000
     0.000      0.000      0.000      0.000
     0.000      0.000      0.000      0.000
     0.000      0.000      0.000      0.000
     0.000      0.000      0.000      0.000
     0.000      0.000      0.000      0.000
     0.000      0.000      0.000      0.000
     0.000      0.000      0.000      0.000
     0.000      0.000      0.000      0.000
     0.000      0.000      0.000      0.000
     0.000      0.000      0.000      0.000
     0.000      0.000      0.000      0.000
     0.000      0.000      0.000      0.000
     0.000      0.000      0.000      0.000
     0.000      0.000      0.000      0.000
     0.000    303.545      0.000      0.000
     0.000      0.000      0.000      0.000
     0.000      0.000      0.000    311.477
     0.000      0.000      0.000      0.000
     0.000      0.000      0.000      0.000
     0.000      0.000      0.000      0.000
     0.000      0.000      0.000      0.000
     0.000      0.000      0.000      0.000
     0.000      0.000      0.000      0.000
     0.000      0.000      0.000      0.000
     0.000      0.000      0.000      0.000
     0.000      0.000      0.000      0.000
     0.000      0.000      0.000      0.000
     0.000      0.000      0.000      0.000
     0.000      0.000      0.000      0.000
     0.000      0.000      0.000      0.000
